20 0.57161
21.0101 0.697377
22.0202 0.814712
23.0303 0.925152
24.0404 1.03014
25.0505 1.13105
26.0606 1.22917
27.0707 1.3257
28.0808 1.42177
29.0909 1.51845
30.101 1.61673
31.1111 1.71751
32.1212 1.82166
33.1313 1.92996
34.1414 2.04315
35.1515 2.16188
36.1616 2.28677
37.1717 2.41837
38.1818 2.55719
39.1919 2.70368
40.202 2.85825
41.2121 3.02124
42.2222 3.19299
43.2323 3.37376
44.2424 3.56378
45.2525 3.76326
46.2626 3.97237
47.2727 4.19124
48.2828 4.41996
49.2929 4.65862
50.303 4.90727
51.3131 5.16595
52.3232 5.43464
53.3333 5.71336
54.3434 6.00208
55.3535 6.30075
56.3636 6.60933
57.3737 6.92776
58.3838 7.25599
59.3939 7.59393
60.404 7.94152
61.4141 8.29869
62.4242 8.66538
63.4343 9.04152
64.4444 9.42706
65.4545 9.82196
66.4646 10.2262
67.4747 10.6397
68.4848 11.0626
69.4949 11.4947
70.5051 11.9363
71.5152 12.3872
72.5253 12.8477
73.5354 13.3178
74.5455 13.7977
75.5556 14.2876
76.5657 14.7876
77.5758 15.2981
78.5859 15.8193
79.596 16.3515
80.6061 16.8953
81.6162 17.4508
82.6263 18.0188
83.6364 18.5996
84.6465 19.1938
85.6566 19.8022
86.6667 20.4253
87.6768 21.064
88.6869 21.719
89.697 22.3913
90.7071 23.0817
91.7172 23.7914
92.7273 24.5214
93.7374 25.2729
94.7475 26.0471
95.7576 26.8453
96.7677 27.669
97.7778 28.5196
98.7879 29.3988
99.798 30.3081
100.808 31.2493
101.818 32.2244
102.828 33.2351
103.838 34.2836
104.848 35.372
105.859 36.5025
106.869 37.6775
107.879 38.8994
108.889 40.1708
109.899 41.4944
110.909 42.873
111.919 44.3094
112.929 45.8067
113.939 47.368
114.949 48.9966
115.96 50.6958
116.97 52.4693
117.98 54.3206
118.99 56.2535
120 58.2719
